0.08416021
0.15433417
0.11514554
0.14410177
0.094764054
0.103058234
0.102586076
0.0998259
0.0913296
0.09623436
0.090386376
0.10645607
0.09879865
0.08837346
0.09802425
0.08116759
0.09866543
0.08436867
0.09150855
0.08869989
0.08914439
0.08474605
0.09137277
0.09341514
0.09836945
0.095260374
0.0973556
0.09547524
0.0834682
0.08767134
0.08329433
0.08125046
0.09137119
0.0799458
0.087681666
0.0777957
0.08416067
0.08431571
0.07319034
0.077970095
0.08000881
0.07910692
0.08634871
0.078262776
0.091474034
0.07613617
0.08605125
0.07627179
0.08031712
0.08711253
0.09703179
0.08610119
0.07711893
0.07836723
0.083235614
0.07272029
0.080930054
0.0729661
0.08833521
0.08636689
0.0919508
0.08482374
0.080619365
0.08238175
0.082277305
0.078781575
0.0835959
0.077633776
0.080887824
0.089345306
0.08988275
0.072841994
0.09169328
0.078141294
0.080212966
0.076323055
0.09371171
0.077130556
0.07714467
0.08244708
0.088744886
0.07698046
0.094241664
0.090504445
0.081342705
0.07802763
0.07181567
0.076238
0.091021895
0.09051444
0.073285006
0.07682295
0.07440139
0.08371987
0.08715762
0.065180145
0.07690671
0.07408333
0.08276123
0.081403345
0.07105997
0.0759155
0.07899976
0.072291896
0.07916083
0.07620272
0.083891645
0.08141997
0.08490257
0.083519
0.083405785
0.07467757
0.07113155
0.08156462
0.07173775
0.077820264
0.07064852
0.08402428
0.08244039
0.07621338
0.08199811
0.078897424
0.070275605
0.08146552
0.084332675
0.082472846
0.0813043
0.07739685
0.080344774
0.077549465
0.0723443
0.07586242
0.082788095
0.08041303
0.081050634
0.08773769
0.0735676
0.08297123
0.081955455
0.08278994
0.08562688
0.07233212
0.07777967
0.07149895
0.07945145
0.07727797
0.093933925
0.08024284
0.076562
0.085504845
0.08982943
0.07964152
0.077164404
0.073942445
0.079655826
0.07028005
0.07363832
0.07995576
0.07570166
0.07864668
0.080938525
0.08037537
0.06883779
0.06889039
0.07899201
0.07132747
0.07134999
0.07350429
0.069633044
0.07771624
0.0853702
0.08154969
0.07230507
0.07005281
0.07154064
0.08170974
0.072599925
0.07556556
0.07526819
0.08100488
0.07356794
0.07602724
0.07704619
0.07210703
0.08543665
0.083662845
0.07286143
0.07228497
0.0770539
0.07102379
0.077245966
0.07522988
0.080018625
0.06943908
0.06635545
0.06709245
0.07262157
0.074039355
0.08455591
0.0759242
0.0821311
0.07119745
0.07709055
0.07105101
0.07318909
0.07321497
0.06571742
0.07249974
0.07228345
0.0678108
0.07932272
0.084738486
0.07415379
0.07235551
0.07255451
0.08050384
0.078448996
0.07087293
0.07148904
0.0699406
0.07557693
0.0768477
0.07898979
0.0699855
0.07799579
0.07649318
0.071793176
0.08325216
0.07284332
0.08039255
0.06492783
0.07534842
0.07762459
0.07686454
0.08241269
0.07968742
0.07702974
0.07696548
0.072334714
0.081364624
0.071418196
0.06911403
0.072018415
0.07687145
0.0720982
0.0675889
0.07489254
0.07668538
0.06387429
0.07480225
0.08416639
0.075753585
0.08035326
0.093415216
0.07808477
0.08212026
0.08922394
0.07423005
0.073486686
0.080028996
0.073472194
0.07757853
0.0722847
0.07241346
0.07532391
0.07578496
0.079423845
0.0736752
0.078068405
0.08859401
0.0660115
0.068357326
0.07543702
0.06820278
0.07520684
0.06780813
0.06427484
0.085986294
0.06713509
0.06443286
0.07249396
0.07257863
0.06998888
0.07393533
0.07643691
0.07669243
0.06640499
0.074246846
0.07911958
0.07597046
0.073049
0.07347664
0.076118626
0.07260029
0.079298116
0.07831725
0.07040532
0.07422301
0.069263935
0.08758564
0.072136946
0.07580221
0.08097044
0.075869694
0.08081748
0.077669755
0.07548879
0.08268251
0.06517217
0.069757074
0.06893893
0.07268837
0.071844235
0.0748429
0.08126734
0.07247734
0.08378042
0.07581306
0.07649734
0.07809888
0.07157329
0.08013566
0.07601331
0.07500524
0.082386285
0.065519534
0.07249182
0.07534291
0.07903891
0.08082973
0.06886718
0.07327777
0.07040947
0.074779734
0.07230084
0.07135933
0.08168579
0.07820829
0.07781252
0.07561223
0.07535433
0.06923109
0.08012796
0.06710741
0.07863351
0.079642095
0.0733895
0.07526593
0.06828621
0.076512985
0.07380105
0.068362035
0.06961182
0.07058271
0.067226864
0.06808285
0.07461993
0.07733521
0.06207284
0.07405475
0.07245939
0.07341017
0.0696865
0.06773462
0.065122455
0.07024851
0.065295786
0.067126274
0.071039036
0.06613838
0.07887757
0.06608544
0.0719688
0.07838401
0.07844462
0.07575319
0.070334315
0.068992555
0.07505806
0.07692312
0.06638078
0.07373836
0.076863766
0.079041824
0.07015296
0.066642605
0.06651081
0.06993043
0.072282985
0.07052527
0.06752546
0.07349099
0.06323456
0.077346854
0.07267612
0.07059233
0.06829817
0.073780015
0.06922129
0.07237424
0.072090276
0.07072434
0.074133076
0.07815895
0.06851219
0.068964235
0.07529794
0.074429646
0.07399595
0.07253363
0.067325085
0.06689639
0.07357129
0.07048089
0.06740163
0.062587634
0.06870557
0.06973559
0.07277276
0.074078426
0.07324101
0.071186826
0.06919838
0.06681143
0.0692719
0.07300222
0.07076599
0.06884214
0.06876993
0.06866392
0.07079019
0.07467353
0.08058667
0.06640077
0.067092
0.06585835
0.067358986
0.07491347
0.0765504
0.071090564
0.0711347
0.06805734
0.06986664
0.07357749
0.059844725
0.07053012
0.070129246
0.07530409
0.071106315
0.072814345
0.070008755
0.06711488
0.06722325
0.06931013
0.078406855
0.068720914
0.07050296
0.07350214
0.06722967
0.063343585
0.07116548
0.07301449
0.072643876
0.06813579
0.0750186
0.07247861
0.07373124
0.07328101
0.066412
0.07532977
0.07188607
0.066466525
0.06803704
0.06847943
0.07947996
0.070856296
0.067451105
0.067247026
0.06748043
0.065341465
0.066969186
0.06974984
0.068034515
0.07052149
0.069142096
0.07164347
0.06839876
0.06556548
0.06493085
0.0694011
0.06582469
0.07207067
0.062439516
0.07140826
0.068582885
0.06891597
0.06846566
0.06937832
0.075739786
0.07806064
0.07291922
0.06528445
0.06551736
0.067026615
0.06790355
0.07362469
0.074608594
0.070665754
0.069484316
0.06491838
0.064165056
0.07004776
0.072111905
0.06354121
0.062807545
0.07135949
0.065536425
0.07589352
0.068562396
0.06678108
0.06840584
0.069465086
0.070647165
0.07146414
0.07359089
0.06505278
0.06750517
0.06875796
0.06245727
0.06523465
0.061753023
0.07310063
0.07414584
0.061533913
0.06746392
0.067096144
0.07375944
0.07013847
0.06867375
0.06603756
0.064474955
0.07356615
0.06844753
0.07322211
0.072322905
0.06420531
0.07405093
0.072742544
0.065657206
0.07246838
0.066820644
0.06350238
0.074656025
0.065287076
0.06270954
0.068289936
0.06068642
0.07810986
0.07431482
0.067543074
0.07221324
0.064284295
0.06183842
