0.21789312
0.15509936
0.12761539
0.114761926
0.10368708
0.1031253
0.1003949
0.097760886
0.09655798
0.093260735
0.08759188
0.09126503
0.08665661
0.08234272
0.08332637
0.07878155
0.0792253
0.07564509
0.07390237
0.07473197
0.07338908
0.076575756
0.07280992
0.07378319
0.071777314
0.07123956
0.069084644
0.0691763
0.07006815
0.06733163
0.06562041
0.06560574
0.069031924
0.069215395
0.060355037
0.070980944
0.06158969
0.06751302
0.06559661
0.06529839
0.06171213
0.061580997
0.059806235
0.059421077
0.058727868
0.06403677
0.060545772
0.061021782
0.061930116
0.062512524
0.060032528
0.057686046
0.059872687
0.055668008
0.058135644
0.057733163
0.055869937
0.05777956
0.060117498
0.05798184
0.056212544
0.057314258
0.051514916
0.056060463
0.053251535
0.05572808
0.052243352
0.0527014
0.055500202
0.049614966
0.05624653
0.053270567
0.051668104
0.053281635
0.052477308
0.052277047
0.050878417
0.053716503
0.052035965
0.0558565
0.054957718
0.049454622
0.04798559
0.04747697
0.04924921
0.05267172
0.051332925
0.05111522
0.047085054
0.053984918
0.051825754
0.05002174
0.051826894
0.051314555
0.049765967
0.044091385
0.04725013
0.046616495
0.04553943
0.047586013
0.04616033
0.04625625
0.044085514
0.050968647
0.046571158
0.0489519
0.045511495
0.04436541
0.047530532
0.045365985
0.047878947
0.0484102
0.046828315
0.04786621
0.04445859
0.04236525
0.043828294
0.045108616
0.047435097
0.04404583
0.044499185
0.045279786
0.0454444
0.04538592
0.045855723
0.04379749
0.046239726
0.046249934
0.044538416
0.04261068
0.041455638
0.04853486
0.044721916
0.04406585
0.0432184
0.04254243
0.04631393
0.043099727
0.043645497
0.041722804
0.04608319
0.045439787
0.044276107
0.042508353
0.045261733
0.04374101
0.045275517
0.044902064
0.04340218
0.04216056
0.04117673
0.0402901
0.041602302
0.042873055
0.039981816
0.041530788
0.04215634
0.041687973
0.041980404
0.041938998
0.043270867
0.040549748
0.039490145
0.042711202
0.041430317
0.040959604
0.041265044
0.043397006
0.041598067
0.04063848
0.040704615
0.040226486
0.039477345
0.041305188
0.04051503
0.041651286
0.040875718
0.041145436
0.042146
0.040479623
0.042549938
0.0395597
0.040550716
0.04052929
0.0417488
0.038553298
0.037389573
0.04229906
0.040990327
0.042662717
0.042398766
0.03745691
0.038965143
0.038393777
0.040796198
0.03974097
0.03553195
0.03905981
0.039673712
0.042241275
0.04007116
0.038025286
0.03617109
0.038810577
0.038002525
0.0409639
0.03841322
0.041004404
0.03662906
0.040801182
0.04018
0.03749013
0.039782155
0.038621187
0.03967665
0.038584426
0.03396329
0.04035962
0.041046064
0.036313225
0.039461505
0.04048945
0.038004637
0.038500644
0.038240705
0.034730323
0.03741072
0.040625468
0.038128283
0.038083725
0.036785927
0.038178224
0.03802006
0.0387717
0.036723968
0.033844374
0.03817187
0.03884451
0.037255146
0.035607915
0.03637341
0.03870652
0.03734338
0.037831213
0.035014234
0.037386436
0.037813928
0.0314957
0.037953116
0.037724975
0.03706868
0.038708165
0.03542972
0.03814773
0.036287952
0.0388074
0.036909077
0.037886087
0.037834156
0.03724538
0.035485316
0.037114453
0.03712911
0.03542385
0.037113987
0.03324488
0.038142625
0.03748109
0.036301266
0.03739689
0.034156308
0.036353473
0.03720659
0.03280902
0.035488203
0.034396715
0.03747527
0.03446713
0.036662042
0.037679825
