0.048088938
0.059483573
0.048013248
0.05132623
0.051949676
0.051783435
0.047467638
0.04714223
0.05140681
0.049367785
0.0483487
0.05041953
0.050243594
0.050505884
0.048735164
0.046586193
0.04690699
0.04602017
0.045484573
0.04937719
0.049614258
0.04716
0.048897818
0.048706986
0.050027706
0.045839798
0.04695902
0.047634766
0.044222552
0.046761822
0.04641233
0.049611423
0.045844678
0.047120962
0.046800546
0.045409545
0.045834765
0.0434997
0.042929567
0.044022568
0.045308985
0.044933677
0.046244487
0.046727814
0.043686036
0.047256038
0.044060767
0.0454389
0.04285683
0.044256113
0.04650458
0.046545055
0.046942424
0.04705315
0.04515155
0.04478995
0.0461159
0.044532448
0.04513125
0.04521681
0.045674015
0.04594638
0.044136643
0.045249
0.045554474
0.043111946
0.042480286
0.045111645
0.044107046
0.044358615
0.043105885
0.047000177
0.045645285
0.042839225
0.04395561
0.045519613
0.042151444
0.04269796
0.043692622
0.043926775
0.043901294
0.04408929
0.044535875
0.046454325
0.045858815
0.04121303
0.042266987
0.043231107
0.044518895
0.040290207
0.044711415
0.04485007
0.04392767
0.040638104
0.042550042
0.042782478
0.04101605
0.042621005
0.04596418
0.044377748
0.044218566
0.0395537
0.044713236
0.044189125
0.04212337
0.040800136
0.044045802
0.04244219
0.043909088
0.04281306
0.045252297
0.045583803
0.042908814
0.040874556
0.042536523
0.044366784
0.042127818
0.040794395
0.044011958
0.043658122
0.042479396
0.042945217
0.0453641
0.04363846
0.04120449
0.04299714
0.043177735
0.042769015
0.042871796
0.04160221
0.043128442
0.04224974
0.04275117
0.0412815
0.040489033
0.04195292
0.039725944
0.043374885
0.041746832
0.038638994
