0.07812813
0.13747151
0.11712448
0.13218635
0.111026004
0.11509568
0.101790115
0.1313317
0.10371983
0.10621235
0.09825019
0.10689464
0.10058534
0.09118748
0.10429808
0.09063555
0.109637305
0.087678656
0.08914235
0.08186087
0.09235571
0.087986946
0.091544285
0.09063552
0.0944425
0.094068125
0.09623389
0.09273705
0.08290087
0.082762614
0.08017117
0.077648856
0.088058144
0.07636836
0.0854744
0.075425565
0.08049055
0.08197639
0.06982264
0.07110503
0.07567212
0.07365084
0.0825191
0.07573246
0.0872709
0.07291107
0.081018925
0.07161159
0.07444475
0.07980755
0.093407944
0.08381021
0.0729745
0.07386626
0.07983364
0.067812055
0.07678443
0.06873589
0.08701438
0.0806799
0.083991244
0.080966726
0.07815623
0.07964418
0.078209594
0.07445467
0.07997082
0.071379304
0.07659598
0.0861502
0.0837397
0.0675337
0.086640194
0.07481097
0.07476235
0.07299012
0.087670684
0.07411611
0.072021835
0.07847306
0.08007114
0.070974424
0.08455497
0.08251035
0.07743724
0.07357879
0.06771507
0.06973396
0.086494766
0.08559571
0.06711877
0.07036397
0.07067504
0.073961794
0.08162795
0.062302686
0.07237228
0.06872251
0.0751088
0.07718745
0.067153275
0.07175205
0.07484784
0.067582674
0.07421788
0.07147793
0.0763862
0.07724683
0.078394905
0.07709946
0.07808941
0.06875349
0.06705054
0.075444795
0.0672192
0.07352233
0.06897661
0.078663684
0.07626549
0.072133586
0.076612465
0.07241947
0.065558754
0.076290146
0.07643091
0.076203614
0.075928085
0.0722501
0.07697174
0.07393727
0.06776395
0.069770634
0.07786185
0.07557082
0.07482301
0.08177698
0.06892793
0.07773934
0.07933742
0.07870725
0.08045584
0.069182955
0.07601947
0.06927021
0.07543027
0.07445535
0.08829709
0.07740757
0.07426524
0.07989444
0.08143422
0.07623818
0.07314486
0.06798005
0.076546624
0.06747119
0.070080005
0.07824994
0.0714003
0.07581253
0.07781206
0.07525052
0.06588197
0.06566822
0.074426726
0.06732915
0.066556446
0.06891754
0.063972846
0.071222425
0.08079229
0.07564199
0.06768463
0.06675708
0.06814553
0.077260874
0.070395134
0.072189346
0.07149867
0.077589765
0.07191731
0.07245279
0.073649935
0.07029404
0.08176941
0.0811388
0.06938909
0.068916015
0.07390294
0.06679851
0.0735748
0.071960576
0.07600291
0.06639132
0.06287375
0.064321324
0.069813415
0.07147461
0.07796331
0.07100205
0.0790407
0.06798616
0.07441054
0.06831452
0.07163465
0.070659354
0.06354474
0.066716515
0.06771808
0.06651937
0.07544424
0.07928432
0.07084636
0.06961717
0.07051411
0.07764291
0.07598164
0.06805055
0.06832932
0.06594858
0.07208636
0.07432917
0.07408755
0.0681115
0.07451668
0.07273954
0.06751583
0.07612978
0.06861235
0.07434354
0.061731547
0.07037334
0.07195317
0.07032834
0.075972036
0.07487307
0.07040035
0.07068769
0.067457035
0.07681644
0.06783651
0.0662208
0.0682681
0.071790606
0.06924473
0.06396237
0.069753975
0.073463686
0.059931874
0.069235876
0.08054326
0.07295182
0.07646279
0.0831312
0.07418017
0.075023115
0.078306444
0.06947796
0.07249435
0.07635966
0.07157317
0.07494352
0.06720342
0.069209576
0.0721426
0.07298173
0.07313776
0.06792459
0.074876525
0.08078594
0.062949926
0.06418167
0.07132758
0.06342919
0.07246754
0.0636766
0.06138966
0.0835161
0.061722588
0.062151402
0.0709411
0.06878358
0.06591344
0.071270905
0.071252935
0.07125104
0.06338482
0.067282595
0.0734414
0.070691854
0.069477476
0.070243396
0.07295437
0.06906071
0.07387847
0.07394843
0.06624815
0.06722677
0.06480647
0.081908956
0.0666292
0.070431165
0.07249999
0.071608886
0.075019576
0.07359891
0.07190106
0.07283173
0.062469307
0.066543885
0.06410718
0.06932581
0.06635869
0.07060231
0.07695916
0.07068643
0.07501877
0.06846462
0.071637094
0.072197035
0.0700663
0.07212522
0.071616806
0.06803164
0.0777785
0.06351726
0.069497555
0.0719704
0.07435831
0.0735316
0.06391859
0.06956373
0.068437636
0.071728714
0.06862473
0.06855927
0.07966438
0.07538645
0.074175656
0.071020104
0.07181579
0.06755246
0.075099096
0.06388499
0.07486184
0.07645391
0.068946645
0.07214249
0.06489988
0.07266817
0.07010054
0.06683115
0.06872898
0.06611514
0.06504199
0.065382086
0.07190234
0.07458058
0.05890557
0.07272448
0.06764126
0.07151483
0.06579331
0.066343695
0.062664054
0.06752938
0.062418353
0.06439054
0.06704515
0.06308192
0.075806014
0.06290166
0.0702108
0.072618425
0.07312582
0.07117042
0.06869541
0.0691072
0.0720177
0.07497503
0.063701466
0.070666514
0.07596535
0.07584541
0.06742765
0.06295946
0.06470585
0.067468725
0.07067694
0.0667395
0.06535955
0.07115645
0.060729764
0.07244243
0.07011762
0.06716105
0.066354856
0.07110734
0.06833515
0.067375645
0.06896693
0.06812062
0.070389844
0.07157366
0.06520115
0.06677617
0.07154718
0.06789283
0.069249935
0.06882823
0.06609167
0.06489405
0.06980301
0.067517035
0.0641661
0.06034183
0.06609328
0.064224124
0.06887198
0.068458736
0.069326095
0.06695611
0.06615728
0.064644754
0.06473678
0.07038434
0.06888442
0.06364001
0.06588371
0.06603811
0.06869444
0.073248535
0.07514865
0.06358761
0.06530723
0.06432794
0.06533359
0.07077009
0.07349627
0.068041526
0.067691036
0.065867305
0.06695295
0.07051982
0.058421135
0.06807907
0.068236254
0.07266978
0.06728047
0.068674006
0.06805012
0.063960806
0.06504703
0.06734044
0.072858736
0.066688076
0.06812981
0.0706259
0.065602385
0.061417483
0.06884283
0.071921855
0.069361284
0.06747213
0.07197483
0.068171866
0.0715121
0.07185666
0.063666284
0.07145204
0.07096634
0.06495291
0.06811041
0.06595165
0.0740411
0.066415444
0.065789126
0.06503636
0.065962724
0.06428762
0.064923
0.0689905
0.06556243
0.06824902
0.06735304
0.064676076
0.06706201
0.06249298
0.0630432
0.06775114
0.06258111
0.06801403
0.06025228
0.068491936
0.067781486
0.06648361
0.066339165
0.06793329
0.0729999
0.071944214
0.07262135
0.0640486
0.06228219
0.06557597
0.06663075
0.0718634
0.070675924
0.06743573
0.06542644
0.06085185
0.06109585
0.06512664
0.06709878
0.05990772
0.059398167
0.068571806
0.06317416
0.0692627
0.06418772
0.063947074
0.06398943
0.06701208
0.06623465
0.07039952
0.06884746
0.062048588
0.06361158
0.06552115
0.05997749
0.06258754
0.05839072
0.0672367
0.06791973
0.05840854
0.06684694
0.064495586
0.06686588
0.06555102
0.065853454
0.06350172
0.061557766
0.07109372
0.06720051
0.07010159
0.06626343
0.061710563
0.07125826
0.067159824
0.06271413
0.06853666
0.06458691
0.06099756
0.07182832
0.06268153
0.05916596
0.06460208
0.05832132
0.073648304
0.07008006
0.06518759
0.06792757
0.061942488
0.060171433
