0.043820605
0.06637863
0.04663434
0.051900603
0.05380487
0.049871244
0.04457653
0.04488893
0.051257275
0.047451846
0.045331627
0.047060683
0.047436804
0.04791475
0.0461915
0.043654997
0.043680325
0.04290439
0.041920457
0.04610885
0.04584266
0.043662645
0.045070425
0.044992004
0.046391807
0.042068012
0.043463714
0.04406503
0.04075631
0.043128025
0.042801578
0.04544761
0.041979037
0.04353042
0.042979144
0.041967597
0.04210329
0.040111598
0.039479796
0.04032894
0.041863248
0.041104976
0.042635538
0.042711515
0.03999388
0.043533277
0.040771812
0.041697174
0.03936706
0.040657863
0.042974863
0.04332896
0.043299597
0.043268945
0.04161685
0.041080926
0.042371467
0.040930018
0.041313905
0.04193624
0.041889645
0.042016022
0.04072162
0.041881263
0.04196072
0.03939942
0.039062276
0.041486863
0.04049582
0.04109373
0.039641432
0.043559555
0.042250074
0.039416995
0.04081123
0.042212002
0.039232682
0.03950174
0.04044193
0.040579334
0.040322024
0.040959265
0.041252315
0.043169253
0.04238589
0.037905946
0.03928444
0.039961092
0.041069824
0.03748516
0.04182829
0.041429248
0.040910155
0.03741015
0.03933913
0.03991065
0.038209062
0.039583594
0.042722635
0.041186865
0.040862154
0.036795426
0.041637886
0.04118213
0.039161187
0.03753296
0.040920522
0.039351057
0.040925343
0.039816257
0.041839704
0.04249633
0.039917238
0.03817624
0.039291844
0.041523468
0.039605107
0.03766034
0.040766157
0.040657673
0.039410137
0.040049553
0.042343546
0.04060849
0.03839905
0.039822165
0.040146314
0.04031214
0.040286385
0.03887392
0.04018532
0.039865497
0.039889093
0.038783174
0.037998322
0.039057698
0.036844667
0.040393062
0.0385843
0.0358449
