0.22371475
0.15205143
0.12437136
0.10950391
0.09895816
0.0994215
0.097047
0.09417414
0.09409028
0.091017984
0.08511689
0.08937983
0.084236346
0.079314664
0.080585696
0.07641735
0.076481916
0.07302374
0.07040101
0.071471244
0.07031773
0.07373552
0.06963986
0.07092285
0.068385735
0.06782986
0.06549257
0.06638138
0.06666917
0.06362817
0.06181058
0.061921146
0.066037394
0.06616345
0.056776933
0.06811
0.058179166
0.06399737
0.062169988
0.0615444
0.05804233
0.05790627
0.0558068
0.055268206
0.054370154
0.059533916
0.056083646
0.05640351
0.057241052
0.057912067
0.055000618
0.052797325
0.05480918
0.050625063
0.052890375
0.05272025
0.0508683
0.052215863
0.054856416
0.052726284
0.05031845
0.05214732
0.045941394
0.050180174
0.047157813
0.049520742
0.04621526
0.046565704
0.04959942
0.043743886
0.04993573
0.04698894
0.045354232
0.047350507
0.046068024
0.04589066
0.044526465
0.047367327
0.04575548
0.04929273
0.04855001
0.0431493
0.04192505
0.041082144
0.043091252
0.046202295
0.044700515
0.044757567
0.040598903
0.04778974
0.045576677
0.043632388
0.0456824
0.045413822
0.043977864
0.038937535
0.041287925
0.040988944
0.040090386
0.04162267
0.04079388
0.040681902
0.039189212
0.045278575
0.041327626
0.043736935
0.040065702
0.039429642
0.042215075
0.04044297
0.042577446
0.043423884
0.041393958
0.04234324
0.039414953
0.037681155
0.038767114
0.039973
0.042285357
0.039318442
0.039128825
0.040264357
0.040464375
0.040650632
0.040835306
0.039250936
0.04118537
0.04138448
0.03961325
0.037714683
0.036927942
0.04330004
0.040102247
0.039613847
0.038913682
0.03781128
0.04137049
0.038210858
0.03909494
0.037300773
0.041624207
0.040738527
0.039865833
0.037844155
0.040415253
0.039259546
0.04092158
0.04048264
0.038932234
0.03784715
0.03711102
0.035768796
0.037210632
0.038787
0.035972413
0.03753408
0.038241614
0.03731731
0.037792765
0.037696585
0.038974207
0.03652213
0.03540006
0.03842555
0.037121285
0.036685865
0.03729961
0.039303258
0.037693672
0.036757898
0.036742453
0.03620279
0.03550729
0.037301652
0.03653473
0.037580505
0.036942832
0.037249107
0.038215335
0.036648337
0.03850025
0.03567123
0.03694535
0.03662363
0.037889745
0.034727186
0.033795863
0.03824219
0.037045196
0.03884121
0.03833216
0.033900257
0.034885544
0.034645192
0.03703684
0.035898708
0.032085165
0.03565726
0.035842977
0.038441766
0.036326386
0.034600735
0.03276451
0.035531215
0.034452
0.037090216
0.034727927
0.03755203
0.03288016
0.037011184
0.036333386
0.033988975
0.035971586
0.035061333
0.036232535
0.035258085
0.030796975
0.037111674
0.037794955
0.033039406
0.035874847
0.03712166
0.034582376
0.034912005
0.034843005
0.031668037
0.033916835
0.03697535
0.034659974
0.034889407
0.03351706
0.034785423
0.03475838
0.03517145
0.03337978
0.030816242
0.03503101
0.03510008
0.033916526
0.032209758
0.033036407
0.035063013
0.034018572
0.034547377
0.031870306
0.03407561
0.03425063
0.028641168
0.034388132
0.03432979
0.03376952
0.03514254
0.03240709
0.034756344
0.033055637
0.035665233
0.03382743
0.034385562
0.03465218
0.033988316
0.03223785
0.033953685
0.033775523
0.032513477
0.033757783
0.03033904
0.034956597
0.03408193
0.03304386
0.034173537
0.030947225
0.03346814
0.034142774
0.029750317
0.032486048
0.03131699
0.034280177
0.031315733
0.033459857
0.034401216
